919632149456
919511838841
917080505065
916239161884
918884764833
917666389761
919519493113
919597103099
916374745300
919058811848
918125153143
919503019847
919654015289
918882139874
919548232723
918318063102
917619106513
917019134109
919629981266
919585337063
917055229948
918726506500
916363323572
919003054929
919150915034
919711059971
917353647076
919100649460
919309916250
917610534159
919789465540
919005740363
917325024904
919509920935
917973346010
917011722230
917977239722
917666232667
917217267649
919884982452
917306957168
917357633576
919849337917
916362531440
917080505065
917795940400
919599010236
919944851168
918789699214
918431099521
918432961847
919630405239
919366571267
918968515468
919548874627
918073160471
918304975698
919561396636
918866022401
919441989919
919030353677
918447876340
918625912150
916361945400
918329593515
919080385348
916376085885
917276523235
916382455321
917972384249
918610411181
916281217716
917300024300
918969748255
919193366177
918431913605
917892282084
919566670448
917483086079
919757474001
917982194237
918197170918